
190     1111
191     1112
192     1113
193     1114
194     1115
195     1116
196     1117
197     1118
198     1119
199     1120
200     51160
201     7
202     21160    
203     1
204     106000
205     190
206     106000
207     191
208     106000    
209     192
210     106000
211     193
212     106000
213     194  
214     106000
215     195
216     106000
217     196
218     106000
219     197
220     106000
221     198
222     106000
223     199
224     116000
225     199
226     116000
227     198
228     116000
229     197
230     116000
231     196
232     116000
233     195
234     116000
235     194
236     116000
237     193
238     116000
239     192
240     116000
241     191
242     116000
243     190
244     81100
245     202
-1      200